0 87
1 87
2 87
3 87
4 87
5 87
6 87
7 87
8 87
9 87
10 87
11 87
12 87
13 87
14 87
15 87
16 87
17 87
18 87
19 87
20 87
21 87
22 87
23 87
24 87
25 87
26 87
27 87
28 87
29 87
30 87
31 87
32 87
33 87
34 87
35 87
36 87
37 87
38 87
39 87
40 87
41 87
42 87
43 87
44 87
45 87
46 87
47 87
48 87
49 87
50 87
51 87
52 87
53 87
54 87
55 87
56 87
57 87
58 87
59 87
60 87
61 87
62 87
63 87
64 87
65 87
66 87
67 87
68 87
69 87
70 87
71 87
72 87
73 87
74 87
75 87
76 87
77 87
78 87
79 87
80 87
81 87
82 87
83 87
84 87
85 87
86 87
87 87
88 87
89 87
90 87
91 87
92 87
93 87
94 87
95 87
96 87
97 87
98 87
99 87
100 281
101 281
102 281
103 281
104 281
105 281
106 281
107 281
108 281
109 281
110 281
111 281
112 281
113 281
114 281
115 281
116 281
117 281
118 281
119 281
120 281
121 281
122 281
123 281
124 281
125 281
126 281
127 281
128 281
129 281
130 281
131 281
132 281
133 281
134 281
135 281
136 281
137 281
138 281
139 281
140 281
141 281
142 281
143 281
144 281
145 281
146 281
147 281
148 281
149 281
150 281
151 281
152 281
153 281
154 281
155 281
156 281
157 281
158 281
159 281
160 281
161 281
162 281
163 281
164 281
165 281
166 281
167 281
168 281
169 281
170 281
171 281
172 281
173 281
174 281
175 281
176 281
177 281
178 281
179 281
180 281
181 281
182 281
183 281
184 281
185 281
186 281
187 281
188 281
189 281
190 281
191 281
192 281
193 281
194 281
195 281
196 281
197 281
198 281
199 281
200 189
201 189
202 189
203 189
204 189
205 189
206 189
207 189
208 189
209 189
210 189
211 189
212 189
213 189
214 189
215 189
216 189
217 189
218 189
219 189
220 189
221 189
222 189
223 189
224 189
225 189
226 189
227 189
228 189
229 189
230 189
231 189
232 189
233 189
234 189
235 189
236 189
237 189
238 189
239 189
240 189
241 189
242 189
243 189
244 189
245 189
246 189
247 189
248 189
249 189
250 189
251 189
252 189
253 189
254 189
255 189
256 189
257 189
258 189
259 189
260 189
261 189
262 189
263 189
264 189
265 189
266 189
267 189
268 189
269 189
270 189
271 189
272 189
273 189
274 189
275 189
276 189
277 189
278 189
279 189
280 189
281 189
282 189
283 189
284 189
285 189
286 189
287 189
288 189
289 189
290 189
291 189
292 189
293 189
294 189
295 189
296 189
297 189
298 189
299 189
300 76
301 76
302 76
303 76
304 76
305 76
306 76
307 76
308 76
309 76
310 76
311 76
312 76
313 76
314 76
315 76
316 76
317 76
318 76
319 76
320 76
321 76
322 76
323 76
324 76
325 76
326 76
327 76
328 76
329 76
330 76
331 76
332 76
333 76
334 76
335 76
336 76
337 76
338 76
339 76
340 76
341 76
342 76
343 76
344 76
345 76
346 76
347 76
348 76
349 76
350 76
351 76
352 76
353 76
354 76
355 76
356 76
357 76
358 76
359 76
360 76
361 76
362 76
363 76
364 76
365 76
366 76
367 76
368 76
369 76
370 76
371 76
372 76
373 76
374 76
375 76
376 76
377 76
378 76
379 76
380 76
381 76
382 76
383 76
384 76
385 76
386 76
387 76
388 76
389 76
390 76
391 76
392 76
393 76
394 76
395 76
396 76
397 76
398 76
399 76
