0 97
1 97
2 97
3 97
4 97
5 97
6 97
7 97
8 97
9 97
10 97
11 97
12 97
13 97
14 97
15 97
16 97
17 97
18 97
19 97
20 97
21 97
22 97
23 97
24 97
25 97
26 97
27 97
28 97
29 97
30 97
31 97
32 97
33 97
34 97
35 97
36 97
37 97
38 97
39 97
40 97
41 97
42 97
43 97
44 97
45 97
46 97
47 97
48 97
49 97
50 97
51 97
52 97
53 97
54 97
55 97
56 97
57 97
58 97
59 97
60 97
61 97
62 97
63 97
64 97
65 97
66 97
67 97
68 97
69 97
70 97
71 97
72 97
73 97
74 97
75 97
76 97
77 97
78 97
79 97
80 97
81 97
82 97
83 97
84 97
85 97
86 97
87 97
88 97
89 97
90 97
91 97
92 97
93 97
94 97
95 97
96 97
97 97
98 97
99 97
100 194
101 194
102 194
103 194
104 194
105 194
106 194
107 194
108 194
109 194
110 194
111 194
112 194
113 194
114 194
115 194
116 194
117 194
118 194
119 194
120 194
121 194
122 194
123 194
124 194
125 194
126 194
127 194
128 194
129 194
130 194
131 194
132 194
133 194
134 194
135 194
136 194
137 194
138 194
139 194
140 194
141 194
142 194
143 194
144 194
145 194
146 194
147 194
148 194
149 194
150 194
151 194
152 194
153 194
154 194
155 194
156 194
157 194
158 194
159 194
160 194
161 194
162 194
163 194
164 194
165 194
166 194
167 194
168 194
169 194
170 194
171 194
172 194
173 194
174 194
175 194
176 194
177 194
178 194
179 194
180 194
181 194
182 194
183 194
184 194
185 194
186 194
187 194
188 194
189 194
190 194
191 194
192 194
193 194
194 194
195 194
196 194
197 194
198 194
199 194
200 81
201 81
202 81
203 81
204 81
205 81
206 81
207 81
208 81
209 81
210 81
211 81
212 81
213 81
214 81
215 81
216 81
217 81
218 81
219 81
220 81
221 81
222 81
223 81
224 81
225 81
226 81
227 81
228 81
229 81
230 81
231 81
232 81
233 81
234 81
235 81
236 81
237 81
238 81
239 81
240 81
241 81
242 81
243 81
244 81
245 81
246 81
247 81
248 81
249 81
250 81
251 81
252 81
253 81
254 81
255 81
256 81
257 81
258 81
259 81
260 81
261 81
262 81
263 81
264 81
265 81
266 81
267 81
268 81
269 81
270 81
271 81
272 81
273 81
274 81
275 81
276 81
277 81
278 81
279 81
280 81
281 81
282 81
283 81
284 81
285 81
286 81
287 81
288 81
289 81
290 81
291 81
292 81
293 81
294 81
295 81
296 81
297 81
298 81
299 81
300 398
301 398
302 398
303 398
304 398
305 398
306 398
307 398
308 398
309 398
310 398
311 398
312 398
313 398
314 398
315 398
316 398
317 398
318 398
319 398
320 398
321 398
322 398
323 398
324 398
325 398
326 398
327 398
328 398
329 398
330 398
331 398
332 398
333 398
334 398
335 398
336 398
337 398
338 398
339 398
340 398
341 398
342 398
343 398
344 398
345 398
346 398
347 398
348 398
349 398
350 398
351 398
352 398
353 398
354 398
355 398
356 398
357 398
358 398
359 398
360 398
361 398
362 398
363 398
364 398
365 398
366 398
367 398
368 398
369 398
370 398
371 398
372 398
373 398
374 398
375 398
376 398
377 398
378 398
379 398
380 398
381 398
382 398
383 398
384 398
385 398
386 398
387 398
388 398
389 398
390 398
391 398
392 398
393 398
394 398
395 398
396 398
397 398
398 398
399 398
