0 396
1 396
2 396
3 396
4 396
5 396
6 396
7 396
8 396
9 396
10 396
11 396
12 396
13 396
14 396
15 396
16 396
17 396
18 396
19 396
20 396
21 396
22 396
23 396
24 396
25 396
26 396
27 396
28 396
29 396
30 396
31 396
32 396
33 396
34 396
35 396
36 396
37 396
38 396
39 396
40 396
41 396
42 396
43 396
44 396
45 396
46 396
47 396
48 396
49 396
50 396
51 396
52 396
53 396
54 396
55 396
56 396
57 396
58 396
59 396
60 396
61 396
62 396
63 396
64 396
65 396
66 396
67 396
68 396
69 396
70 396
71 396
72 396
73 396
74 396
75 396
76 396
77 396
78 396
79 396
80 396
81 396
82 396
83 396
84 396
85 396
86 396
87 396
88 396
89 396
90 396
91 396
92 396
93 396
94 396
95 396
96 396
97 396
98 396
99 396
100 295
101 295
102 295
103 295
104 295
105 295
106 295
107 295
108 295
109 295
110 295
111 295
112 295
113 295
114 295
115 295
116 295
117 295
118 295
119 295
120 295
121 295
122 295
123 295
124 295
125 295
126 295
127 295
128 295
129 295
130 295
131 295
132 295
133 295
134 295
135 295
136 295
137 295
138 295
139 295
140 295
141 295
142 295
143 295
144 295
145 295
146 295
147 295
148 295
149 295
150 295
151 295
152 295
153 295
154 295
155 295
156 295
157 295
158 295
159 295
160 295
161 295
162 295
163 295
164 295
165 295
166 295
167 295
168 295
169 295
170 295
171 295
172 295
173 295
174 295
175 295
176 295
177 295
178 295
179 295
180 295
181 295
182 295
183 295
184 295
185 295
186 295
187 295
188 295
189 295
190 295
191 295
192 295
193 295
194 295
195 295
196 295
197 295
198 295
199 295
200 295
201 295
202 295
203 295
204 295
205 295
206 295
207 295
208 295
209 295
210 295
211 295
212 295
213 295
214 295
215 295
216 295
217 295
218 295
219 295
220 295
221 295
222 295
223 295
224 295
225 295
226 295
227 295
228 295
229 295
230 295
231 295
232 295
233 295
234 295
235 295
236 295
237 295
238 295
239 295
240 295
241 295
242 295
243 295
244 295
245 295
246 295
247 295
248 295
249 295
250 295
251 295
252 295
253 295
254 295
255 295
256 295
257 295
258 295
259 295
260 295
261 295
262 295
263 295
264 295
265 295
266 295
267 295
268 295
269 295
270 295
271 295
272 295
273 295
274 295
275 295
276 295
277 295
278 295
279 295
280 295
281 295
282 295
283 295
284 295
285 295
286 295
287 295
288 295
289 295
290 295
291 295
292 295
293 295
294 295
295 295
296 295
297 295
298 295
299 295
300 295
301 295
302 295
303 295
304 295
305 295
306 295
307 295
308 295
309 295
310 295
311 295
312 295
313 295
314 295
315 295
316 295
317 295
318 295
319 295
320 295
321 295
322 295
323 295
324 295
325 295
326 295
327 295
328 295
329 295
330 295
331 295
332 295
333 295
334 295
335 295
336 295
337 295
338 295
339 295
340 295
341 295
342 295
343 295
344 295
345 295
346 295
347 295
348 295
349 295
350 295
351 295
352 295
353 295
354 295
355 295
356 295
357 295
358 295
359 295
360 295
361 295
362 295
363 295
364 295
365 295
366 295
367 295
368 295
369 295
370 295
371 295
372 295
373 295
374 295
375 295
376 295
377 295
378 295
379 295
380 295
381 295
382 295
383 295
384 295
385 295
386 295
387 295
388 295
389 295
390 295
391 295
392 295
393 295
394 295
395 295
396 295
397 295
398 295
399 295
